% ITERATION 1
 \begin{center}
        \begin{tikzpicture}
            \begin{axis}[
                title={Resultados para TP = 25; TC = 0.8; TM = 0.05},
                xlabel={Gerações},
                ylabel={Aptidão},
                xmin=0, xmax=200,
                ymin=2, ymax=10,
                legend pos=north west,
                ymajorgrids=true,
                grid style=dashed,
            ]
            \addplot[]
                coordinates {
                  (0,16.08)(1,13.28)(2,10.4)(3,8.72)(4,8)(5,8.32)(6,8.72)(7,8)(8,8)(9,8)(10,8.64)(11,8)(12,8.16)(13,8.32)(14,8.4)(15,7.84)(16,7.76)(17,7.2)(18,6.24)(19,6.08)(20,6)(21,6)(22,6)(23,6.8)(24,6)(25,6)(26,6)(27,6)(28,6)(29,6)(30,6)(31,6)(32,6)(33,5.68)(34,5.28)(35,4.88)(36,4.96)(37,2.56)(38,2.72)(39,2)(40,2)(41,2)(42,2.16)(43,2.08)(44,2)(45,2.32)(46,2)(47,2)(48,2)(49,2.32)(50,4.32)(51,2.32)(52,2)(53,2.16)(54,2)(55,2)(56,2)(57,2)(58,2)(59,2.64)(60,2.64)(61,2)(62,2)(63,2.08)(64,2)(65,2.72)(66,2)(67,2)(68,2)(69,2.16)(70,2.16)(71,2.64)(72,2)(73,2.24)(74,2)(75,2.48)(76,2)(77,2)(78,2)(79,2.64)(80,2.08)(81,2.32)(82,2.48)(83,2.72)(84,2)(85,2.24)(86,2)(87,2)(88,2)(89,2)(90,2)(91,2)(92,2)(93,2)(94,2)(95,2)(96,2)(97,2)(98,2.16)(99,2.08)(100,2)(101,2)(102,2.32)(103,2)(104,2)(105,2)(106,2)(107,2)(108,2.4)(109,2.32)(110,2.96)(111,2.48)(112,2)(113,2.24)(114,2)(115,2)(116,2)(117,2.08)(118,2)(119,2)(120,2.48)(121,2)(122,2)(123,2.24)(124,2)(125,2)(126,2)(127,2)(128,2)(129,2.24)(130,2.16)(131,2)(132,2)(133,2.16)(134,2.4)(135,2)(136,2)(137,2)(138,2.64)(139,2)(140,2)(141,2.88)(142,2)(143,2.16)(144,2.48)(145,2)(146,2)(147,2)(148,2)(149,2.16)(150,2)(151,3.04)(152,2)(153,2.24)(154,2)(155,2.08)(156,2)(157,2)(158,2)(159,2)(160,2.24)(161,2.72)(162,2)(163,2)(164,2)(165,2)(166,3.36)(167,2)(168,2.16)(169,2)(170,2)(171,2)(172,2)(173,2)(174,2)(175,2.16)(176,2)(177,2)(178,2.48)(179,2)(180,2.16)(181,2.32)(182,2)(183,2)(184,2.16)(185,2.64)(186,2)(187,2)(188,2)(189,2)(190,2)(191,2)(192,2)(193,2.16)(194,2)(195,2)(196,2)(197,2)(198,2)(199,2)
                };
            \end{axis}
        \end{tikzpicture}
    \end{center}

% ITERATION 2
 \begin{center}
        \begin{tikzpicture}
            \begin{axis}[
                title={Resultados para TP = 25; TC = 0.7; TM = 0.05},
                xlabel={Gerações},
                ylabel={Aptidão},
                xmin=0, xmax=200,
                ymin=2, ymax=10,
                legend pos=north west,
                ymajorgrids=true,
                grid style=dashed,
            ]
            \addplot[]
                coordinates {
                  (0,14.96)(1,12.08)(2,11.92)(3,9.52)(4,8.96)(5,7.52)(6,6.08)(7,6.16)(8,6.24)(9,5.6)(10,5.12)(11,4.08)(12,4.24)(13,4)(14,4.8)(15,4)(16,4)(17,4)(18,4)(19,4)(20,4.24)(21,3.84)(22,3.12)(23,2.16)(24,2)(25,2)(26,2.72)(27,2)(28,2)(29,2)(30,2)(31,1.84)
                };
            \end{axis}
        \end{tikzpicture}
    \end{center}

% ITERATION 3
 \begin{center}
        \begin{tikzpicture}
            \begin{axis}[
                title={Resultados para TP = 25; TC = 0.7; TM = 0.15},
                xlabel={Gerações},
                ylabel={Aptidão},
                xmin=0, xmax=200,
                ymin=2, ymax=10,
                legend pos=north west,
                ymajorgrids=true,
                grid style=dashed,
            ]
            \addplot[]
                coordinates {
                  (0,16.48)(1,12.16)(2,10.8)(3,10.56)(4,9.36)(5,9.92)(6,9.52)(7,9.2)(8,9.68)(9,9.36)(10,8.48)(11,8.16)(12,8)(13,8.8)(14,7.92)(15,7.84)(16,7.52)(17,6.24)(18,6)(19,6.48)(20,6.16)(21,6)(22,6.8)(23,6.56)(24,7.12)(25,6.16)(26,5.84)(27,5.84)(28,6.32)(29,5.44)(30,4.24)(31,4.64)(32,4.48)(33,5.28)(34,4.72)(35,4)(36,4.16)(37,4.08)(38,5.12)(39,4.24)(40,4.96)(41,4.72)(42,5.92)(43,4)(44,5.12)(45,4.96)(46,4.16)(47,4)(48,4.88)(49,4.56)(50,4.48)(51,4.72)(52,4.32)(53,4.32)(54,4.24)(55,4.08)(56,4.16)(57,4.48)(58,4.08)(59,5.52)(60,4.48)(61,5.68)(62,4.16)(63,4.72)(64,4.8)(65,4.24)(66,4.48)(67,4.16)(68,4.08)(69,5.52)(70,4.16)(71,4.24)(72,4)(73,4)(74,4.64)(75,4.72)(76,4.32)(77,4.32)(78,4)(79,4.72)(80,4.56)(81,4.24)(82,4.24)(83,4)(84,4.56)(85,4.48)(86,5.36)(87,4.56)(88,4.16)(89,4.56)(90,4)(91,4.32)(92,4.48)(93,4.8)(94,4.08)(95,5.2)(96,4.32)(97,6)(98,4)(99,4.24)(100,4)(101,5.28)(102,4.48)(103,4.32)(104,4)(105,4.64)(106,4.64)(107,4.56)(108,4.16)(109,4.16)(110,4.32)(111,4.72)(112,4.32)(113,4.32)(114,5.12)(115,4.96)(116,4)(117,4)(118,4.16)(119,5.44)(120,4.32)(121,4.8)(122,5.12)(123,4.8)(124,4.88)(125,4.72)(126,4)(127,4.16)(128,4.64)(129,4)(130,4.16)(131,4.16)(132,4)(133,4.16)(134,4.96)(135,4.16)(136,4.48)(137,4.24)(138,4)(139,4.24)(140,4)(141,4.32)(142,4)(143,4)(144,4.16)(145,5.28)(146,5.2)(147,4.88)(148,4.8)(149,4.4)(150,4.48)(151,4.24)(152,4)(153,4.8)(154,6)(155,4)(156,4.24)(157,3.92)(158,2.72)(159,3.12)(160,2.08)(161,2)(162,2.08)(163,2.72)(164,2.88)(165,2)(166,2)(167,2)(168,2)(169,2.24)(170,2.32)(171,2.64)(172,2.96)(173,2.96)(174,2.16)(175,2)(176,2.08)(177,4.08)(178,2.56)(179,2.24)(180,2.24)(181,2.32)(182,2)(183,2.96)(184,2)(185,2.16)(186,2.8)(187,2.32)(188,2.96)(189,2.48)(190,2.24)(191,2)(192,3.6)(193,2.32)(194,2.48)(195,2.32)(196,2.4)(197,2.16)(198,2.48)(199,2.16)
                };
            \end{axis}
        \end{tikzpicture}
    \end{center}

% ITERATION 4
 \begin{center}
        \begin{tikzpicture}
            \begin{axis}[
                title={Resultados para TP = 75; TC = 0.7; TM = 0.15},
                xlabel={Gerações},
                ylabel={Aptidão},
                xmin=0, xmax=200,
                ymin=2, ymax=10,
                legend pos=north west,
                ymajorgrids=true,
                grid style=dashed,
            ]
            \addplot[]
                coordinates {
                  (0,16.0533)(1,11.6)(2,9.70667)(3,8.72)(4,7.22667)(5,6.58667)(6,5.65333)(7,5.49333)(8,5.04)(9,4.82667)(10,4.18667)(11,4.64)(12,4.26667)(13,4.37333)(14,4.85333)(15,4.16)(16,4.37333)(17,4.45333)(18,4.26667)(19,4.29333)(20,5.01333)(21,4.21333)(22,4.64)(23,4.42667)(24,4.18667)(25,4.16)(26,4.16)(27,4.34667)(28,4.64)(29,3.81333)(30,3.06667)(31,2.69333)(32,3.2)(33,2.24)(34,2.29333)(35,2.29333)(36,2.42667)(37,2.98667)(38,2.34667)(39,2.93333)(40,2.32)(41,3.2)(42,2.16)(43,2.69333)(44,2.88)(45,2.13333)(46,2.24)(47,2.37333)(48,2.29333)(49,2.05333)(50,2.77333)(51,2.4)(52,2.29333)(53,2.85333)(54,2.58667)(55,2.58667)(56,2.48)(57,2.18667)(58,2.29333)(59,2.64)(60,2.05333)(61,2.26667)(62,2.66667)(63,2.26667)(64,3.04)(65,2.26667)(66,2.8)(67,2.69333)(68,2.45333)(69,2.72)(70,2.42667)(71,2.18667)(72,2.90667)(73,2.37333)(74,2.29333)(75,2.45333)(76,2.72)(77,2.56)(78,2.16)
                };
            \end{axis}
        \end{tikzpicture}
    \end{center}

% ITERATION 5
 \begin{center}
        \begin{tikzpicture}
            \begin{axis}[
                title={Resultados para TP = 75; TC = 0.6; TM = 0.15},
                xlabel={Gerações},
                ylabel={Aptidão},
                xmin=0, xmax=200,
                ymin=2, ymax=10,
                legend pos=north west,
                ymajorgrids=true,
                grid style=dashed,
            ]
            \addplot[]
                coordinates {
                  (0,16.32)(1,12.48)(2,10.48)(3,9.04)(4,6.4)(5,6.64)(6,6.4)(7,6.48)(8,6.24)(9,5.92)(10,6.32)(11,5.04)(12,4.24)(13,4.08)(14,3.44)(15,3.6)(16,2.8)(17,2.32)(18,2.72)(19,3.04)(20,2.48)(21,3.6)(22,3.2)(23,2.24)(24,2)(25,2.88)(26,2.48)(27,2.48)(28,2.48)(29,2.32)(30,2.96)(31,4.56)(32,2.96)(33,2.24)(34,2.48)(35,2.24)(36,3.52)(37,2)(38,2.32)(39,2.64)(40,2.32)(41,2.24)(42,2.64)(43,2.32)(44,3.04)(45,2.24)(46,2.48)(47,2.16)(48,2)(49,2)(50,2.56)(51,2.24)(52,4)(53,2.48)(54,2.48)(55,2.24)(56,2.64)(57,2.64)(58,2.48)(59,2)(60,2.56)(61,2.8)(62,2.4)(63,2.24)(64,2.48)(65,3.68)(66,2)(67,2.48)(68,2.96)(69,2.48)(70,2.56)(71,2.48)(72,2.32)(73,2.16)(74,2)(75,2)(76,3.36)(77,2.4)(78,2.64)(79,2.48)(80,2.8)(81,2.64)(82,2)(83,2.16)(84,2)(85,1.84)
                };
            \end{axis}
        \end{tikzpicture}
    \end{center}

% ITERATION 6
 \begin{center}
        \begin{tikzpicture}
            \begin{axis}[
                title={Resultados para TP = 75; TC = 0.6; TM = 0.10},
                xlabel={Gerações},
                ylabel={Aptidão},
                xmin=0, xmax=200,
                ymin=2, ymax=10,
                legend pos=north west,
                ymajorgrids=true,
                grid style=dashed,
            ]
            \addplot[]
                coordinates {
                  (0,16.08)(1,13.76)(2,9.92)(3,8.24)(4,7.2)(5,6.24)(6,4.16)(7,4.56)(8,4.72)(9,4.08)(10,4.24)(11,4)(12,4)(13,4.32)(14,5.68)(15,4)(16,4)(17,4.08)(18,4)(19,4.16)(20,5.6)(21,4.16)(22,4.08)(23,4)(24,4.24)(25,4.16)(26,4)(27,4.32)(28,4)(29,4.4)(30,4.24)(31,4.32)(32,4.32)(33,4)(34,4.24)(35,4.32)(36,4)(37,4.64)(38,4.32)(39,4.32)(40,4.72)(41,5.36)(42,5.92)(43,5.2)(44,5.12)(45,4.48)(46,4.72)(47,4.08)(48,4.64)(49,4)(50,4.64)(51,4.16)(52,3.92)(53,4.24)(54,3.44)(55,2.56)(56,2.8)(57,2.32)(58,2)(59,2.16)(60,2)(61,2.24)(62,2.08)(63,2.48)(64,2.32)(65,2.48)(66,3.2)(67,2.8)(68,2.08)(69,2)(70,2.48)(71,2.64)(72,2.32)(73,3.04)(74,2.32)(75,2)(76,2.16)(77,2.16)(78,2.16)(79,2.48)(80,2)(81,2.16)(82,2.32)(83,2)(84,2)(85,2.08)(86,2)(87,2.48)(88,2)(89,2.32)(90,2.24)(91,2.96)(92,2.64)(93,2.8)(94,2.48)(95,2.08)(96,2)(97,3.2)(98,2.24)(99,3.12)
                };
            \end{axis}
        \end{tikzpicture}
    \end{center}

% ITERATION 7
 \begin{center}
        \begin{tikzpicture}
            \begin{axis}[
                title={Resultados para TP = 150; TC = 0.6; TM = 0.10},
                xlabel={Gerações},
                ylabel={Aptidão},
                xmin=0, xmax=200,
                ymin=2, ymax=10,
                legend pos=north west,
                ymajorgrids=true,
                grid style=dashed,
            ]
            \addplot[]
                coordinates {
                  (0,15.3733)(1,12.88)(2,11.0667)(3,9.93333)(4,10.1333)(5,9.14667)(6,8.77333)(7,7.62667)(8,6.50667)(9,4.88)(10,4.4)(11,4.17333)(12,4.44)(13,4.21333)(14,4.14667)(15,4.33333)(16,4.28)(17,3.54667)(18,2.81333)(19,2.22667)(20,2.33333)(21,2.57333)(22,2.41333)(23,2.33333)(24,2.18667)(25,2.45333)(26,2.24)(27,2.28)(28,2.58667)(29,2.25333)(30,2.32)(31,2.09333)(32,2.56)(33,2.66667)(34,2.44)(35,2.10667)(36,2.18667)(37,2.28)(38,2.34667)(39,2.16)(40,2.45333)(41,2.24)(42,2.05333)(43,2.41333)(44,2.32)(45,2.08)(46,2.13333)(47,2.38667)(48,2.49333)(49,2.25333)(50,2.18667)(51,2.12)(52,2.22667)(53,2.61333)(54,2.34667)(55,2.18667)(56,2.28)(57,2.41333)(58,2.50667)(59,2.32)(60,2.54667)(61,2.32)(62,2.38667)(63,2.22667)(64,2.58667)(65,2.54667)(66,2.38667)(67,2.42667)(68,2.4)(69,2.4)(70,2.4)(71,2.56)(72,2.44)(73,2.17333)(74,2.41333)(75,2.33333)(76,2.54667)(77,2.50667)(78,2.46667)(79,2.25333)(80,2.41333)(81,2.2)(82,2.62667)(83,2.21333)(84,2.13333)(85,2.4)(86,2.36)(87,2.68)(88,2.32)(89,2.26667)(90,2.4)(91,2.36)(92,2.21333)(93,2.18667)(94,2.25333)(95,2.73333)(96,2.34667)(97,2.45333)(98,2.08)(99,2.17333)(100,2.06667)(101,2.17333)(102,2.08)(103,2.06667)(104,2.2)(105,2.16)(106,2.74667)(107,2.26667)(108,2.32)(109,2.30667)(110,2.54667)(111,2.64)(112,2.49333)(113,2.70667)(114,2.34667)(115,2.4)(116,2.65333)(117,2.17333)(118,2.06667)(119,2.29333)(120,2.09333)(121,2.30667)(122,2.41333)(123,2.41333)(124,2.2)(125,2.26667)(126,2.53333)(127,2.26667)(128,2.62667)(129,2.10667)(130,2.29333)(131,2.44)(132,2.16)(133,2.18667)(134,2.50667)(135,2.42667)(136,2.32)(137,2.49333)(138,2.30667)(139,2.26667)(140,2.12)(141,2.50667)(142,2.4)(143,2.2)(144,2.44)(145,2.32)(146,2.46667)(147,2.29333)(148,2.22667)(149,2.21333)(150,2.24)(151,2.22667)(152,2.34667)(153,2.54667)(154,2.13333)(155,2.62667)(156,2.28)(157,2.62667)(158,2.44)(159,2.50667)(160,2.13333)(161,2.2)(162,2.41333)(163,2.6)(164,2.41333)(165,2.33333)(166,2.17333)(167,2.32)(168,2.24)(169,2.34667)(170,2.61333)(171,2.10667)(172,2.28)(173,2.58667)(174,2.42667)(175,2.28)(176,2.30667)(177,2.69333)(178,2.52)(179,2.26667)(180,2.04)(181,2.2)(182,2.10667)(183,2.4)(184,2.38667)(185,2.42667)(186,2.21333)(187,2.53333)(188,2.28)(189,2.36)(190,2.17333)(191,2.08)(192,2.18667)(193,2.24)(194,2.50667)(195,2.10667)(196,2.86667)(197,2.44)(198,2.28)(199,2.34667)
                };
            \end{axis}
        \end{tikzpicture}
    \end{center}

% ITERATION 8
 \begin{center}
        \begin{tikzpicture}
            \begin{axis}[
                title={Resultados para TP = 150; TC = 0.6; TM = 0.20},
                xlabel={Gerações},
                ylabel={Aptidão},
                xmin=0, xmax=200,
                ymin=2, ymax=10,
                legend pos=north west,
                ymajorgrids=true,
                grid style=dashed,
            ]
            \addplot[]
                coordinates {
                  (0,16.3467)(1,14.12)(2,11.7333)(3,11.1867)(4,8.96)(5,8.89333)(6,8.66667)(7,8.06667)(8,6.61333)(9,6.17333)(10,5.84)(11,5)(12,4.29333)(13,4.53333)(14,4.74667)(15,4.57333)(16,4.14667)(17,3.69333)(18,3.10667)(19,2.46667)(20,2.62667)(21,2.46667)(22,2.6)(23,2.69333)(24,2.74667)(25,2.64)(26,3.29333)(27,2.56)
                };
            \end{axis}
        \end{tikzpicture}
    \end{center}

% ITERATION 9
 \begin{center}
        \begin{tikzpicture}
            \begin{axis}[
                title={Resultados para TP = 150; TC = 0.5; TM = 0.20},
                xlabel={Gerações},
                ylabel={Aptidão},
                xmin=0, xmax=200,
                ymin=2, ymax=10,
                legend pos=north west,
                ymajorgrids=true,
                grid style=dashed,
            ]
            \addplot[]
                coordinates {
                  (0,16.5733)(1,12.6267)(2,11.1333)(3,9.48)(4,8.62667)(5,7.72)(6,6.72)(7,6.41333)(8,6.53333)(9,6.09333)(10,6.2)(11,5.92)(12,5.49333)(13,4.16)(14,4.29333)(15,4.28)(16,4.04)(17,4.04)(18,3.09333)(19,2.76)(20,2.76)(21,2.77333)(22,3.02667)(23,2.68)(24,2.36)(25,2.68)(26,2.8)(27,2.48)(28,2.77333)(29,2.84)(30,2.68)(31,2.42667)(32,2.50667)(33,2.82667)
                };
            \end{axis}
        \end{tikzpicture}
    \end{center}

